10 Index IL

Ante Maur. Ante Maur. ’ Ante Maur·

Maur. ed. ed. Maur ed. ed, ἱ Maur. ed. ed
75 250 Ἰ 118 54 ’ 161 49
76 60 ’ 119 55 162 43
77 41 120 140 163 44
78 197 121 130 164 87
79 198 122 111 165 53
80 199 123 257 166 105
81 48 124 96 167 89
82 203 125 259 168 34
83 r 244 126 20 169 35
84 19 127 100 170 52
85Umgmmp222)120 128 112 171 76
86 36 ³ 129 97 172 51
87 210 130 144 ¹ 173 66
88 156 131 101 174 238
89 157 ’ 132 266 175 239
90 175 133 99 176 240
91 181 134 58 177 Δ241
92 176 135 110 178 .App.20
93 182 136 77 179 150
94 178 · 137 78 180 228
95 177 138 122 181-112 147
96 183 139 260 182-197 App.1—16
97 184 140 261 198=dll 148
98 163 141 264 199 262
99 164 142 .App.17 200 196

100 159 143 188 201 90
101 162 144 145 202 91
102 169 145 248 203 23
103 212 146 205 204 173
104 191 ² 147 33 205 189
105 194 148 21 206 267
106 186 149 38 207 70
107 217 150 242 208 218
108 265 151 3 209 208
109 211 152 141 210 57
110 213 153 46 211 247
111 148 154 47 212 251
112.181 147 155 258 213 1
113 15 156 131 214 2
114 5 157 190 215 268
115 9.14 158 139 216 85
116 10 159 133 217 59
117 4 2 160 134 218 13

 

 

