Maur. Ante
ed. Maur. ed.
227 67
228 180
229 262(2631ἰθὴῆι)
230 263(264 „
231 264 (265 „
232 42
233 20
234 21
235 22
236 74
237 253
238 174
239 175
240 176
241 177
Ante Maur.
Maur. ed. ed
1 132
2 135
3 137
4 136
5 138
6 92
7 143
8 28
9 40
10 71
11 75
12 67
13 68
14 72
15 73
16 74
17 39
18 81
19 82
20 233
21 234
22 235
23 98
24 202

Maur.
ed.

242

. 243

244
245

ᾗ 246
· 247

248
249
250
251
252
253
254
255
256

Αη
Maur

25
26
27
28
29
30
31
32
33
34
35
36
37
38
39
42
43
44
45
46
47
48
49
50

Index IL

Ante
Maur. ed.

150
38
83
73

243

211

145
69
75

212

219

232

233

234

226

te
ed,

(mam

Maur.

ed.

195
123
165
166
167
172
25
27
3 0
31
24
32
109
243
26
232
16
17
127
214
215
93
102
185

74

Maur Anto
ed. Maur. ed.
257 123
258 155
259 125
260 139
261 140
262 199
263 248
264 141
265 108
266 132
267 206
268 215
269 251
270 -
e Maur.
ed. ed.
154
155
152
153
117
118
187
121
149
86
204
192
18
22
80
170
227
88
249
220
6
7
245
236

