INDEX ΙΙ.

EPISTULARUM ORDO ANTE MAURINORUM

EDITIONEM.
Μέἆῗῇ Mfflfeed. ¹ Mffifr' Mafflfffad„ Ξ Μέᾱιῗῑ Mcfflffeed.
1 213 ἕ 34 163 Ξ 67 12
2 214 35 169 ! 68 13
3 151 ζ 36 36 ² 69 238
4 117 ι 37 — Ι 70 267
5 114 ἓ 33 119Ν 1 71 10
6 71 J 39 17 } 72 14
7 72 ’ 40 9 1 73 15
8 245 41 77 ἒ 74 16
9 115 = 42 -. 75 11
10 116 43 162 ξ 76 171
11 268 (2691161996), 44 163 ¹ 77 136
12 269 (279 „ > ³ 45 - 1 73 137
13 213 46 153 1 79 244
14 115 47 154 ⁴ 80 65
15 113 48 81 , 81 18
16 43 ’ 49 161 . 32 19
17 44 50 267 (263 Reum.) 3 83 239
18 63 51 172 ² 84 242
19 84 52 170 85 216
20 126 2 53 165 86 60
21 148 54 118 87 164
22 64 55 119 88 68
23 263 56 237 ¹ 89 167
24 35 57 210 90 201
25 31 v 58 134 ¹ 91 202
26 39 (4041) ¹ 59 217 92 6
27 32 ξ 69 76 93 48
23 8 ὃ 61 223 1 94 249
29 - 1 62 241 95 259
30 33 t 63 240 96 124
31 34 ¹ 64 235 97 129
32 36 , 65 236 1 93 23
33 147 ξ 66 173 99 133

 

* Epistulae 2²53 numero in Lovaniensium editione bis posito reliquorum deinceps
numerorum 254—270 error exortus est, quern in sun editione correxit Reinhnrtus.

