8

 

Maur, Ante
ed. Maur ed,
100 127
101 131
102 49
103 253 (254 Ηθίῐὼ.)
104 254 (255 „ )
105 166
106 265 (266 Rein‘n.)
107 266(267 „ )
108 255(256 „ >
109 37
110 135
111 122
112 128
113 229
114 228
115 230
116 231
117 55
118 56
119 221
120 222.85
121 58
122 138
123 26
124 227
125 224
126 225
127 45
128 -
129 -
130 121
131 156
132 1
133 159
134 160
125 2
136 4
137 3
138 5
139 158 ,
140 120
141 152

142

 

257 (258 Reinh.) i

Maur.
ed.

143
144
145
146
147
148

· 149

150
151
152
153
154
155
156
157
158
159
160
161
162
163
164
165
166
167
168
169
170
171
172
173
174
175
176
177
178
179
180
181
182
183

’ 184

184b

Indexll.

Ante

Maur. ed.

7
130
144
112.
111

59
179

259 (260 Reinh.)
53

181

54
51
52
88
89
258 (259 Reinh.)
100
246
247
101
98
99
27
28
29
102
66
220
30
204
272 Reinh.
90
92
95
94
252
260
91
93
96
97

, Maur.

Ante

¹ ed. Maur.ed.

’ 185
186
187
188
189
190
191
192
193
194
195
196
197
198

'¹ 199

200
201
202
202b
203
204
205
206
207
208

 

209
210
211
212
213

, 214
5 215
· 216

217
218
219
220
221

 

222
223
224
, 225
ξ 226

50
106
57
143
205
157
104
62
105
25
200
78
79
80 ·

24
82
61
146
270 (271 Reinh.)
209
261 (262 Reinh.)
87
109
103
110
46
47
256 (257 Reinh.)
107
208

70
273
274

.275

276
277 ·
278

