68

Index IV.

1011. 88 58 ..... 111 681, 4 1811. 13, 35 . . 81111597, ,1
9, 5 . 81.11737,8.111370,3 13,34 . . . . 81.11641, 11
89, 16 ..... 11 736, 16 813, 35 ...... 11 631’, 12
10, 7 . . . . 81. 111 536, 19 *13, 36 ...... 11448, 15
10,11 . 81. 11493,7.111 536, 14, 6 . 11 20, *15. 315, 34.

19.’Ν 344, 30 591, 33. 593, 24. 727,

10, 12-13. 81. 111 733, 6. 9. Ν 24. 111 506, 8. Ν 550,
488, 13. 489, 9 19. 81. 1 88, 13. 11480,

10,14 . 8111413, 7111536, 20. 551, 6. 727, 9.
19. Ν 344, 30 111 207, 24. 369, 33.

10,15 . . . ,81. Ν30, 33 560, 3. 617, 6. Ν
10,16 . 81. 11463, 24 475, 9. 107, 3
493, 7. 631, 11. Ν 344, 9 14, 8 ...... 111 300, 7

10,18 . 81.11187,7.111180, *14, 9 . 111 386, 12. 288, 3.
9. 186, 2 291, 19. 303, 18. 506,

10, 30 . 111 629, 17. Ν 87, 16. 7. 81. 393, 1
540, 17. 541, 18. 542, 14, 16 . 81. Ν 40,11. 527, 4. 12

1. 7. 554, 18. 561, 36. 14, 16-17. . . . 111 336, 22

81. 111304, 15 14, 17 . 81. 11 498, 20. 501, 19

11, 1-44. . . ,81. 11571, 2 *14, 21 . 111 301, 18. 323, 15.
11, 19 . . . . 81. Ν 633, 13 341, 25
11, 25 . 81.11737,9.111307, 34 *14, 33 ..... 111 301, 18
11, 33 . . . . 81. Ν 633, 13 14, 36 . 81. Ν 40,11. 537, 4. 13
11, 35 . . . . 81. Ν 633, 15 14, 27 . 11 19, *16 273, 39.
11, 39 . . . . 81. 111 464, 10Ι 614,14. 81. 111 635, 17
’11, 39-44. . . . 81. 11 546,·5 14, 28 . 111 629, 16. Ν 87, 17.
11, 43 ..... 111 464, 13 540, 318. 81. 111 212,
11, 50—52. . . Ν 114,18. 21 17. 629, 8
13, 4-6 . cf ΙΙ 105, 33 117 17 14, 30 . . 81. 111 538, 16
12,6. ..81.11630,10 15,1....81.11150,13
13, 35 . Ν 572. 9 316139. 315, 3 . . .11150,13.484,8
81. 6. 10. 574, 5 15, 5 . 111478, 1. Ν 383, 5

13, 37 . . . . 81.111180, 7 15, 10 . . . ,81.111315, 30
12, 28 ..... 111 310, 30 15, 13 ..... 81. 11641, 11
13, 31 . . . . 81. 111 538, 16 *15, 13 ..... 111 598, 16
13, 36 . . . . 81. Ν 251, 18 *15, 15 ..... Ν 104, 18
13, 46 . 81.11737,8. 111 370, 3 15, 17 . . . . 81. 11 641, 11
13, 47 . . . . 81. Ν 381,11 315, 30 ..... 11 623, 18

313, 1 ...... 11171,10 15, 33 . . Ν 43, 317196, 10
13, 3 ..... 81.11451, 15 15, 36 . 81.11501, 19. 111336,
13, 5-9 . . ,81. Ν 643, 14 22. Ν 40, 11. 537,
13, 10 . 11 118, 310. 630, 6. 413

Ν 643 16 16, 3 ..... 81.,Ν 18, 15
13, 14 . . . . 81. 11 307, 17 16, 7 . 81. 111336, 33. Ν 40.
813,16 ..... 11 633, 18 11. 527, 4. 13

