Ante

Maur. ed.

219
220
221

222 .

223
224
225
226
227
228
229
230
231
232
233
234
235
236

85

Mum.
ed*

252
171
119
120

61
125
126
256
124
114
113
115
116
253
254
255

64

65

Ante

2 Maur. ed.

237
238
239
240
241
242
243
244
245
246
247
248
249
250
251
252
253

253 (254 Reinh.) 103 '

Index IL

Maur. ¹
ed.

56 ‚
69 ς
83
63
62
84
246
79 ,
8
160
161 1
263 J
94 ᾗ
95 (
269 3
179 ξ

 

237 j

254 (255 Reum.)

Mazi-¹2&

255 (256 ,,
256(257 „
257(258 „
258(259 „
259(260 „
260(261 „
261(262 „
262(263 „
263(264 „
264(265 „
265(266 „
266 (267 ,,
267 (268 „
268(269 „
269 (270 ,,
270 (271

Ψψννυυνκ-κυννυψνψν

11

Maur.

104
108
216
142
158
151
180
209
229
230
231
106
107

50

11

12
206

