86

ludex lv.

1,11‹·. 21, 28-31 . . Ν
21. 81 . . Ν 267, 5. 282, 2. 7
22, 17-29. . . ef. 11 54, 2. 4
622, 29 . . . 11 165, 4. 166, 4
622 89 ...... 111 484, 7
622, 82 . 111 659, 19. 665, 16.
693, 2. 51. 659, 2
22, 40 . 111 273. 64. 659, 68.
665 617. Ν 858, 4.
51. 111 278, 1. 658, 13.
Ν 128, 15. 427, 1
22, 43 ..... of. 111 62, 5

22, 46 v. 22, 40

22, 55-62. 51. 111 186, 5. Ν

NJ
[υ

, 17. 639, 14
22, 69 . 51. 11 717, 12. Ν 89,
9. 279, 23
23, 21 . . . . 51. 111 185, 14
23. 23 . . . . 51. 11 727, 16
23, 33 ..... 51. Ν 8, 21
28, 33. 39—43 . 51. 11 451, 20
268, 84 . 11 728, 18. 111 189, 8.
ef. 734, 25
23, 43 . Ν 83, 18. 5111152811
28, 44-45. . 51. Ν 273, 12. 18
28, 53 . . . . 51. Ν 84,15
24, 1 ..... cf. 11 57, 17Ι
24, 4-7. 15. 36 . 51. 11 712,14ἰ
24, 5 ..... 11 787, 15
24,15-48. . cf. 11 512, 10.
712, 14
24,16 . . 111 377, 68. 51. 11
736, 19
24, 30 . 51. 11 512, 6. 546, 9ἒ
24, 30—31. . 51. 11 737, 4. 11Ιῖ
878, 8.
24, 87 . . ef. Ν 325, 2. 332, 11
624, 89 . Ν 825, 8. 11. 827, 18.}
332. 2. 334. 16. 337, 8:
24, 89-48. . . . 51. 11 546, 9'
24, 43 . 51. 11 512. 6. 546,
624, 44-47 ..... 11 466.
624, 44. 47 ..... 11 826,

1,62

39, 15. 40, 3. 10
. cf. III 186, 7. IV 359,

 

μ-*Ό

[0

280, 21 Luc.

24, 45 . .
24, 46 .

. . . Ν 387, 3
11 469, 3. 111 35, 13.
Ν 8, 8

624, 47 . 11 469, 7. 596, 21.
·111 85,15. Ν 8, 19.

51. 11 607, 22. 613, 21.

111 238, 9

1011. 1,1 . 111 116, 4. 625, 10.
Ν 8, 16. 428, 617.

489, 18. 51. 111 461,

15. Ν 548, 8

1, 1-3 . . . 51.11558,16
1, 1.8 . . . 51.111194,18
1,1-5....111159,4
1, 8 . 111 116, 5. 871, 19.
Ν 88, 1. 565, 8. 7.

51. 11 191, 6. 111 168,

19. Ν 564, 23

1, 5 . 51. 11145 10. 1v8'7, 7
²³2·1,6-3. . ,111 159, 24
1, 7-9. 51. 11727, 8. 111
879, 8

6,1 9 . 111 169, 21. 28. 216, 7.
51. 11 727, 8

61, 19 ...... 111 161, 3
1,11.... 51.11724,8
61, 11—13. . . 111 161, 19. 15
1,12 . of. 111 230, 17. 297,
· 11. 410, 7

1, 12-13. . . 51. 111 163, 2
1,14 . 111 163, 9. 168, 21.
230, 14. 864, 11. Ν 3,

18. 69, 21. 117, 12.

429, 2. 430, 13. 51. 111

156, 14. Ν 87. 17.

430, 12. 687, 7

1, 16 . . . cf. Ν 192, 22. 24
1, 16-17 ..... 11 896, 5
1,18 . 111 198, 65. 285, 18.
288. 5. 290, 5. 7. 303.

4. 66. 814, 2. 821, 2.

887, 9. 841 2. 51. 811 17

1,27. . ..5111764928
1.29. ...51111825
1,82.51.111299 14. α· ,12

