72

IndexIV.

 

 

Ps. 3108, 4 . 11 513, 19. 17 544, 9
108. 35 al.. . . 61. 17 480, 11·
104, 18 ..... 11 788, 11
104,18--19 . . 111 379, 2. 38;
3104. 19 ...... 11 741, 4
106, 9. cf. 11 38, 11. 40, 7.ι

41, 4Ὶ
106. 14 ..... cf. Ι 76, 21.
106. 20 ..... 111 610, 53

3107, 2—3. , . . 11 383, 141
107, 6 ..... 11 446, 19]
109. 3. . . . . ]11620,19}
109, 7. . . . 61. 11 282. 8
110, 4 . 61. 11 344, 4. 17 126,

22. 399. 18
110. 10 . . 111 193, 20. 633. 1
111, 2 ..... of. 11 500, 7
111, 3-3. . . 61. 11 500, 10
111, 4 . 61. 11 344. 4. 17 136,Ι

33. 899, 18
111, 7 . 61. 17 886, 5. 656, 7
113, 1 . . . . 61. 11 498, 18
112, 7. . ,61 1 74, 6. 83, 7
112, 8. . . 61. 1 74, 5. 83, 9
113,3.5.....61.168,5

>2113, 13-14 15ᾑ6). . 11 560, 13.
113, 31 (18) al. . . 61. 111 588, 3
114, 8-9. 11146,8.5.61.45,16,
114, 9 . . . . cf. 11 499, 25
115,10. 111 462. 8. 578, 34.

681, 3. 17 113, 318.

143, 3. 188, 31

115, 16 ...... 17 539, 8
117, 8 ...... 17 4, 4
117, 19 ..... IV 531, 22
117. 22 . 61.111586.13.17110,1
118. 5. . . . . 61.177,11
118. 18. . . . 6111738, 10
118. 20 ..... 61. 1 81, 3οΞ

3118, 29. . . . . 111 464. 223
118. 34 al.. . . eh II 716, 111
3118, 40 ..... 111 464, 31ἓ
118. 58 . 11478,661.17589,13;
3118, 71 ...... 111 78, 191

=³=118, 86 ...... 17 9, 11

183118. 104 . . 17 393. 10
3118105 ...... 11 497, 5
3118119. , . . 111463. 9
118. 120. 11 1173156117 5789
3118135. 111 678. 20. 17 387, 1
31 18. 133. 111( 13. 454, 5. 464, 35
3118158. 11 ,18. 7. 17 589. 14

119.
3119,
3130.
3130.
3130,
3131,
131,
131,
131,
138,
125,
125.
3136.
131.
3181,
132.
135.
136,
138,
3188,
3188,
3188,
3140.

141,
3141,
3143,

*143.
3143,
144.

3144,
145.
145.
145.
149,

«5947 . . 61. 17 593, 1
7. . . 11 407, 9. 595. 10
1-3 . . . . 1 80, 7
3.. ...115868
4 ...... 17 49, 16
1 ...... 11 83, 16
3. . . . 61.111318,1
6-8 . . ef. 17 593, 8
7 ..... 17 40, 18
8 ..... 111 719, 8
2. 1181310, 61. 111 631, 8
4 ..... 111 303, 8
1. 17 4914. 7517. 401,16
1 ...... 111 65, 17
8 ...... 11 205. 9
1. 111 250. 3317 83, 38
4 ..... 61. 17 335 8
8-9 ....61.198,5
4. . . . 61. 111 399, 2
7-8 . . . ,17 92, 11
17 ...... 11 733, 8
31--33 . . . . 11 732. 4

5 . 1118. 6. 11 201.
618. 13. 17. 111 333.
18. ef. 1 103, 11

6 21. . . 61. 111 350,15
8 ..... 111 535. 19
3. . 111 607. 1317 400. 5.
61. 111601. 5. 602. 17

11415 . . . 111 437. 16
15 ...... 111 67, 15
8. . 61. 11 344. 4. 17
136, 22. 399. 18

13. . . 17 159. 7. 311, 30
7 ...... 17 529, 9
7-8. . . . 61. 1 80. 10
8. 111848. 38. 61. 1 74, 6
1 ...... 17 581.

 

