70

11635 10. 111
3. 111 33, 7. 71, 13
35.13 . 111 220. 17. 464, 333
36, 4 ...... 11 190, 1
36. 5-6. . . . ,Ν436,7
336, 11 ..... ·. 11 504, 5
36, 3-3 . 111 465, 1. Ν 405, 1.
3. 406, 14. 61. 437, 19
36, 35 . , , . cf. IV 373, 19
36. 26 ..... 61. 11 500, 6
36, 27 . 111 674, 11. 14. 61. Ν

403, 33. 409, 5 ·³-

36, 37 ...... 11 499, -24
37, 10 . . . 61. 111 63, 2. 73, 1
*33, 5 ...... Ν 313, 4
33, 3 . . . . 61.11503,14
39, 3 ..... 61. 1 32, 3
339, 5 ..... 11143616
40, 3 al. . . 61. Ν 370, 4
40, 5 . 111 464, *30, Ν 401, 7
40, 9 ..... Ν 633, 34
341, 3 . . Ν 30,11,344,13
41 6 ..... Ν 655,15
43, 1 ...... 11 3, 34
343,;3 , . 111371,6’
44, 3 . 111396 11 61. Ν 130, 7
44, 3 . 6,1 Ν 79, 7. 199,19
*44, 13 ...... 11 474, 33
44, 14 ..... 61. 11 55, 3
*44, 14-15 . 11 53, 6. 9
44, 17 ..... 11 474, 33
45, 5 . 61. 1 74, 4. 11 501, 30
ss45. 11 ...... 11 193, 13
346, 10 ...... 11 500, 3
47, 3 ...... 11 471, 5
43. 651. . . .0115270,4
343, 7 . 111439, 12. 477, Ν
436, 15.61.436,11. 19
343, 31 ...... 1 64, 11
49, 1 . 11 605, 36. 606. 1. 61.
464, 3. 493, 11
49, 1-2 ..... 11 335, 33

49.
49.

Index lv.

9 . . 111 133, 14. 194, *11
14 . . 11 47, 15. 24. 111
194, 14

531. 19. ef. I 100, Ps. 49, 18. cf. II 399,

49,
*49,
50,

3

o( ),

23. 630, 13.
636, 3, 13

30 . . 61.11 465, 9. 467, 3
33 ..... 111 194, 16
3 ..... 111 464, 19
7 . , . . 61. Ν 109,13
10 . Ν 649. ss2. 3. 650, *3
13 ...... 111 531, 3
15 ...... 11 591, 13

19 . . . . cf. II 725, 2
7:11. . . . cf. ΙΙΙ 350, 15
9 ...... ΙΙΙ 718, 6

*53, 6 . , 1 60, 7. 11 724, 23
*1 . 6-9 ..... 11 509, 14
54, 7 ...... 11 510, 11
54, 14-16 ..... 11 473, 17
*54, 16 ...... 11 495, 19
54, 19 ...... 11 433, 33
55, 5. 11 . . . 61. 11 493, 23
55, 9 ..... 61, 111 63, 1
55, 12 ..... Ν 135. 13
56, 3 . . 11 133, 34. 61. 313. 9
56, 5 . 111 139, 21. 373. 331
56, 6 . . . . 11 606, 20. 2³22
56, 349 ..... 11 333, 14
56, 13 . 111247, 12. 15. 243, 13
353, 3 ...... 111 66. 6

353,
,53,

58,

53,
²1<60,
60,
61,
63,
363.
364.
66.

67,
367,

8 . II 728, 8. 111 378. 20

10 . Ν 49, 3. 12. 313. 53.

9. ’³³10
11 . Ν 53, 12. 14. 190. 19.

334. 5
12 . 11 723. 10. 111 356. 2.

15. 21
13 ..... 111 357. 1. 3
3 ...... 11 473, 4
4 . . . . 61. 111430, 16
11 . . 111 43. *4. cf. 50, 2
2 ...... 1 79. 15
3-53 ..... 111 46, 15
14 ...... 11 504, 4
3 ..... 61. 11 743, 1
3-3 ..... 11 430, 31
7 , 11 10. 2ξί4. 61. 543. 17

10 . ΙΙΙ 353, 14, lv 412. 9

 

