Index IV.

 

1 eor. 37, 7. 111 303, 10. 434, 1.
67, 4. Ν 123, 20.

134, 15. 170, 31. 303,

14. 627, 12. 61. 619, 9

7,10-16. . . . 61. 1 109, 3
7, 12-13. . . 61. 111 479, 5’
7, 13 . . . . 61. Ν 621, 18}
*7, 15 ..... 111 479, 3²
7. 25 . Ν 133, *5. 61. 421, 1
7, 29 ..... Ν 276, 21
7, 30—31. . . 61. 111 430, 20Ε
7, 31 . 61. Ν 276, 19. 439, 1ος
7, 32—34. . . 61. Ν 532, 6
3, 1 . 11 213, 2. 61. 275, 10.¹
111 599,1. 1v130,1.3

33, 2 . 111 233. 12. Ν 545, 123
33, 3 ..... 111 233, 14
33, 5-6 . . Ν 547, 4. 11. 20
3. 6 . . Ν 543, 12. 551, 5
*8, 3 ...... 11 55, 10>
3, 11 . 61. 11 274, 5. 341, 17.,
467, 3. Ν 439, 12Ἰ

9, 1—15 . . 61. 11 391. 15Ε
9, 7 . . . 111 434, 16. 313Ξ
39, 11 ..... 111 435, 33,
39,17 ..... Ν 613, 21'
39, 20 ...... 11 73, 8·
9, 20-21. . . . 61. 11 76, 14
9, 22 . 11 77. *7 61. 379, 16.
331, 2

39, 24 ..... 11 703, 20
*9, 27 . 11 343, 10. 394, 3.
735, 14. 61. 139, 5

10, 4 . 11 132, 6. 61. 607, 7.
111 536, 12. 613, 11

10, 7 . 11 44, *6. 61.1 115, 23,
310, 3 ...... 11 44, 4
310, 12 ..... Ν 413, 13
31013 . 111 452, 4. 665, 13.
693, 23. 61. 11 33 1

10, 17 . 111 210, 15. 363, 5. Ν
43, 23. 99, 7¹

10,13 ..... 111 365, 16
3,10 19-20 ..... 11 561, 6
10 20 . 111 735, 33. Ν 533, 21

Lvul. Λ11 111131ζ 31111 (Go ldbn cm! [1

97

Icor. 10, 26 . . . 11 133, 20
10, 23 ...... 11 125, 6

19, 31 ..... 11 139, 12

10, 31-32. . . . 61.1151,9

310,32 . ’. . . . Ν223,21
10, 33 . 1 52, 6. Ν 491, 24,

506, 319

11, 1 . Ν 345, 17. 619, 1.

61. 11 32, 17

11, 5-6 . . . 61. Ν 532, 9

11, 19 . . Ν 636, 32. 61. 2, 6

311, 20 ...... 11 166, 7
311, 20-22 ..... 1 116, 27
11, 23-25. . . 61. 11 54. 2. 4

311, 25 . . . 11 165, 4. 166, 4
11, 29 . 11 162, *7. 163, 13.

111 249, 37. 61. 239,

1. Ν 43. 22

311, 31 ...... Ν 353, 1
311,31-32. . . . 1165213
311,,33-34. . . . 11167,15
12, 4 . Ν 93,*19. 61. 11 730,

12. Ν 93, 14

12, 6 . 11 139, 13. Ν 472, 14

12, 9 . . . ,61.Ν427, 24

12,10. . ,11115062

312, 11 . 11336.12. 111353,15.
497, 7. Ν 93, 21.

190, 6. 61. 1 123, 17

12, 12 ..... 61. 1124, 7

12,13 . . . . 61. 111276, 3

312, 26 . 11 137, 9. 111 267. 3.
61. 11 534, 14. Ν

99, 4

12, 27 . 61. 111 649, 20. Ν

232, 24, 455, 4. 549,

19. 621, 13

12, 23 . 61. 11 505, 2. 730, 11

12,30 . . . . 61. 11336,9

13,1 . . . . 61. 11 504, 21

13, 1-3 . 61. 111 643, 19. Ν

37, 26

13, 3 . 111 643, 13. 644, 12.

313. 320. 61. 11 223,

26. 339, 17. 434, 12

7

